SCR_AIWorld : "{E0A05C76552E7F58}Prefabs/AI/SCR_AIWorld.et" {
 coords 111.676 1 127.135
}
PerceptionManager PerceptionManager1 : "{028DAEAD63E056BE}Prefabs/World/Game/PerceptionManager.et" {
 coords 113.126 1 124.397
}
PS_GameModeCoop PS_GameMode_Lobby1 : "{9C2001FE7A2F2281}Prefabs/MP/Modes/PS_GameMode_Lobby.et" {
 components {
  PS_CutsceneManager "{60E6C661B81E7619}" {
   m_sCutsceneData "-0.762809 -0.000000 -0.646624 0.208264 0.946713 -0.245685 0.612167 -0.322080 -0.722161 2868.727295 88.085594 6390.278320"\
   "-0.762809 -0.000000 -0.646624 0.208264 0.946713 -0.245685 0.612167 -0.322080 -0.722161 2868.727295 88.085594 6390.278320"\
   "-0.762809 -0.000000 -0.646624 0.208264 0.946713 -0.245685 0.612167 -0.322080 -0.722161 2868.727295 88.085594 6390.278320"\
   "-0.762809 -0.000000 -0.646624 0.208264 0.946713 -0.245685 0.612167 -0.322080 -0.722161 2868.727295 88.085594 6390.278320"\
   "-0.762809 -0.000000 -0.646624 0.208264 0.946713 -0.245685 0.612167 -0.322080 -0.722161 2868.727295 88.085594 6390.278320"\
   "-0.762809 -0.000000 -0.646624 0.208264 0.946713 -0.245685 0.612167 -0.322080 -0.722161 2868.727295 88.085594 6390.278320"\
   "-0.762809 -0.000000 -0.646624 0.208265 0.946712 -0.245685 0.612167 -0.322080 -0.722161 2868.727539 88.085594 6390.277832"\
   "-0.765091 -0.000000 -0.643922 0.207394 0.946712 -0.246421 0.609609 -0.322080 -0.724321 2868.734619 88.085594 6390.268555"\
   "-0.768839 -0.000000 -0.639443 0.205952 0.946712 -0.247628 0.605369 -0.322080 -0.727869 2868.794189 88.085594 6390.196777"\
   "-0.768839 -0.000000 -0.639443 0.205952 0.946712 -0.247628 0.605369 -0.322080 -0.727869 2868.958252 88.085594 6389.999023"\
   "-0.774163 -0.000000 -0.632986 0.203872 0.946712 -0.249342 0.599256 -0.322080 -0.732910 2869.192383 88.085594 6389.716797"\
   "-0.796256 -0.000000 -0.604960 0.194846 0.946712 -0.256458 0.572724 -0.322080 -0.753825 2869.422363 88.085594 6389.431152"\
   "-0.822020 -0.000000 -0.569459 0.183411 0.946712 -0.264756 0.539114 -0.322080 -0.778217 2869.638916 88.085594 6389.142090"\
   "-0.846528 -0.000000 -0.532344 0.171457 0.946712 -0.272650 0.503977 -0.322080 -0.801419 2869.842773 88.085594 6388.843262"\
   "-0.870438 -0.000000 -0.492279 0.158553 0.946712 -0.280351 0.466047 -0.322080 -0.824054 2870.129395 88.085594 6388.375488"\
   "-0.896655 -0.000000 -0.442730 0.142594 0.946712 -0.288795 0.419138 -0.322080 -0.848875 2870.580566 88.085594 6387.562988"\
   "-0.934633 -0.000000 -0.355614 0.114536 0.946712 -0.301027 0.336665 -0.322080 -0.884829 2870.998779 88.085594 6386.692383"\
   "-0.974140 -0.000000 -0.225945 0.072772 0.946712 -0.313751 0.213905 -0.322080 -0.922231 2871.313232 88.085594 6385.820313"\
   "-0.995382 -0.000000 -0.095995 0.030918 0.946712 -0.320593 0.090880 -0.322080 -0.942340 2871.501709 88.085594 6384.968750"\
   "-0.999210 -0.000000 0.039747 -0.012802 0.946712 -0.321825 -0.037629 -0.322080 -0.945964 2871.572266 88.085594 6384.097168"\
   "-0.981660 -0.000000 0.190641 -0.061402 0.946712 -0.316173 -0.180482 -0.322080 -0.929350 2871.523682 88.085594 6383.238770"\
   "-0.937811 -0.000000 0.347147 -0.111809 0.946712 -0.302050 -0.328649 -0.322080 -0.887837 2871.342773 88.085594 6382.394531"\
   "-0.870924 -0.000000 0.491418 -0.158276 0.946712 -0.280507 -0.465231 -0.322080 -0.824515 2871.032715 88.085594 6381.595703"\
   "-0.765029 -0.000000 0.643996 -0.207418 0.946712 -0.246401 -0.609679 -0.322080 -0.724263 2870.583252 88.085594 6380.837402"\
   "-0.623799 -0.000000 0.781585 -0.251733 0.946712 -0.200913 -0.739936 -0.322080 -0.590559 2870.014648 88.085594 6380.191895"\
   "-0.417090 -0.000000 0.908865 -0.292727 0.946712 -0.134336 -0.860434 -0.322080 -0.394864 2869.324463 88.085594 6379.673340"\
   "-0.150298 -0.000000 0.988641 -0.318421 0.946712 -0.048408 -0.935958 -0.322080 -0.142289 2868.525146 88.085594 6379.342285"\
   "0.115346 -0.000000 0.993325 -0.319930 0.946712 0.037150 -0.940394 -0.322080 0.109199 2867.682617 88.086212 6379.236816"\
   "0.382497 -0.000000 0.923957 -0.297588 0.946712 0.123195 -0.874721 -0.322080 0.362115 2866.831787 88.096558 6379.363281"\
   "0.617375 -0.000000 0.786669 -0.253370 0.946712 0.198844 -0.744750 -0.322080 0.584476 2866.049072 88.134361 6379.710449"\
   "0.807479 -0.000000 0.589897 -0.189994 0.946712 0.260073 -0.558463 -0.322080 0.764450 2865.386719 88.241119 6380.255371"\
   "0.937682 -0.000000 0.347494 -0.111921 0.946712 0.302009 -0.328977 -0.322080 0.887716 2864.863770 88.416199 6380.966309"\
   "0.994479 -0.000000 0.104932 -0.033797 0.946712 0.320302 -0.099340 -0.322080 0.941486 2864.509033 88.611061 6381.780762"\
   "0.991324 -0.000000 -0.131444 0.042335 0.946712 0.319285 0.124439 -0.322080 0.938498 2864.317627 88.813736 6382.773926"\
   "0.946737 -0.000000 -0.322007 0.103712 0.946712 0.304925 0.304848 -0.322080 0.896288 2864.319336 89.028130 6383.839844"\
   "0.865694 -0.000000 -0.500574 0.161225 0.946712 0.278823 0.473900 -0.322080 0.819563 2864.495605 89.259995 6385.062012"\
   "0.752211 -0.000000 -0.658923 0.212226 0.946712 0.242272 0.623810 -0.322080 0.712127 2864.294434 89.511467 6386.436035"\
   "0.620806 -0.000000 -0.783964 0.252499 0.946712 0.199949 0.742188 -0.322080 0.587725 2863.547607 89.780617 6387.842285"\
   "0.472497 -0.000000 -0.881332 0.283860 0.946712 0.152182 0.834368 -0.322080 0.447318 2862.731689 90.092857 6389.686035"\
   "0.313296 -0.000000 -0.949655 0.305865 0.946712 0.100907 0.899051 -0.322080 0.296602 2862.399902 90.405670 6391.539063"\
   "0.132422 -0.000000 -0.991193 0.319244 0.946712 0.042650 0.938375 -0.322080 0.125365 2862.482422 90.743149 6393.568848"\
   "-0.051260 -0.000000 -0.998685 0.321657 0.946712 -0.016510 0.945468 -0.322080 -0.048528 2863.076172 91.103409 6395.625000"\
   "-0.234045 -0.000000 -0.972226 0.313134 0.946712 -0.075381 0.920418 -0.322080 -0.221574 2864.175537 91.496674 6397.622559"\
   "-0.413387 -0.000000 -0.910556 0.293272 0.946712 -0.133144 0.862034 -0.322080 -0.391358 2866.337646 91.928825 6398.872559"\
   "-0.570016 -0.000000 -0.821634 0.264632 0.946712 -0.183591 0.777851 -0.322080 -0.539641 2869.277100 92.381935 6399.031250"\
   "-0.710276 -0.000000 -0.703924 0.226720 0.946712 -0.228766 0.666413 -0.322080 -0.672427 2872.590576 92.833443 6398.385254"\
   "-0.828614 -0.000000 -0.559820 0.180307 0.946712 -0.266880 0.529989 -0.322080 -0.784459 2876.005615 93.291672 6396.974609"\
   "-0.916992 -0.000000 -0.398906 0.128480 0.946712 -0.295345 0.377650 -0.322080 -0.868127 2879.350098 93.801262 6394.848633"\
   "-0.974916 -0.000000 -0.222573 0.071686 0.946712 -0.314001 0.210712 -0.322080 -0.922965 2882.491943 94.405884 6392.178711"\
   "-0.999217 -0.000000 -0.039564 0.012743 0.946712 -0.321828 0.037455 -0.322080 -0.945971 2885.885498 95.038490 6390.490723"\
   "-0.989449 -0.000000 0.144882 -0.046664 0.946712 -0.318682 -0.137161 -0.322080 -0.936724 2889.779297 95.673889 6389.210938"\
   "-0.946332 -0.000000 0.323197 -0.104095 0.946712 -0.304794 -0.305975 -0.322080 -0.895904 2893.612061 96.354416 6387.026855"\
   "-0.867984 -0.000000 0.496593 -0.159943 0.946712 -0.279560 -0.470131 -0.322080 -0.821731 2897.049072 97.141083 6383.824707"\
   "-0.753976 -0.000000 0.656902 -0.211575 0.946712 -0.242841 -0.621897 -0.322080 -0.713798 2899.942627 97.957405 6379.801758"\
   "-0.606461 -0.000000 0.795113 -0.256090 0.946712 -0.195329 -0.752743 -0.322080 -0.574145 2901.487061 99.081566 6374.813965"\
   "-0.426549 -0.000000 0.904464 -0.291310 0.946712 -0.137383 -0.856268 -0.322080 -0.403820 2900.730713 99.998779 6369.367676"\
   "-0.217563 -0.000000 0.976046 -0.314365 0.946712 -0.070073 -0.924035 -0.322080 -0.205969 2897.602051 100.870544 6364.112305"\
   "-0.001521 -0.000000 0.999999 -0.322080 0.946712 -0.000490 -0.946711 -0.322080 -0.001440 2891.860596 101.575989 6359.729004"\
   "0.246521 -0.000000 0.969137 -0.312140 0.946712 0.079400 -0.917494 -0.322080 0.233385 2884.319336 102.346741 6356.989746"\
   "0.498560 -0.000000 0.866855 -0.279197 0.946712 0.160576 -0.820663 -0.322080 0.471993 2875.906006 103.111366 6356.670410"\
   "0.712797 -0.000000 0.701371 -0.225897 0.946712 0.229578 -0.663996 -0.322080 0.674814 2867.327881 103.945641 6358.922363"\
   "0.877797 -0.000000 0.479032 -0.154287 0.946712 0.282721 -0.453506 -0.322080 0.831022 2859.063477 104.650467 6364.571289"\
   "0.966898 -0.000000 0.255164 -0.082183 0.946712 0.311418 -0.241567 -0.322080 0.915374 2852.375244 105.421318 6373.797363"\
   "0.999050 -0.000000 -0.043567 0.014032 0.946712 0.321774 0.041246 -0.322080 0.945814 2846.011475 106.356102 6388.830566"\
   "0.964143 -0.000000 -0.265384 0.085475 0.946712 0.310531 0.251242 -0.322080 0.912766 2844.851563 107.333450 6401.450195"\
   "0.956516 -0.000000 -0.291679 0.094825 0.945680 0.310963 0.275835 -0.325100 0.904558 2846.226807 106.894829 6415.242676"\
   "0.956516 -0.000000 -0.291679 0.094825 0.945680 0.310963 0.275835 -0.325100 0.904558 2849.281250 106.639038 6431.048828"\
   "0.956516 -0.000000 -0.291679 0.094825 0.945680 0.310963 0.275835 -0.325100 0.904558 2853.064453 107.310913 6447.749512"\
   "0.956516 -0.000000 -0.291679 0.094825 0.945680 0.310963 0.275835 -0.325100 0.904558 2857.318604 107.733788 6464.916992"\
   "0.956516 -0.000000 -0.291679 0.094825 0.945680 0.310963 0.275835 -0.325100 0.904558 2861.970215 107.943192 6483.186035"\
   "0.958045 -0.000000 -0.286617 0.095357 0.943033 0.318741 0.270289 -0.332699 0.903468 2866.928223 108.702698 6502.640137"\
   "0.968262 -0.000000 -0.249938 0.098101 0.919752 0.380044 0.229881 -0.392501 0.890560 2871.848389 109.612244 6523.063965"\
   "0.974803 -0.000000 -0.223068 0.095382 0.903972 0.416817 0.201647 -0.427592 0.881195 2876.250732 110.492645 6544.598145"\
   "0.975959 -0.000000 -0.217952 0.093838 0.902570 0.420193 0.196717 -0.430543 0.880872 2880.464355 111.319496 6567.780762"\
   "0.978041 -0.000000 -0.208412 0.090652 0.900446 0.425416 0.187663 -0.434968 0.880673 2884.764648 113.268318 6592.433105"\
   "0.983223 -0.000000 -0.182406 0.080889 0.896297 0.436015 0.163490 -0.443455 0.881260 2888.692383 114.881721 6616.858887"\
   "0.988012 -0.000000 -0.154378 0.069828 0.891857 0.446896 0.137683 -0.452318 0.881165 2892.163330 116.326897 6642.728516"\
   "0.993075 -0.000000 -0.117481 0.054328 0.886648 0.459242 0.104164 -0.462444 0.880508 2895.044678 117.782150 6670.494629"\
   "0.996955 -0.000000 -0.077983 0.036868 0.881185 0.471332 0.068718 -0.472772 0.878501 2897.102051 119.488739 6700.925293"\
   "0.999227 -0.000000 -0.039307 0.018892 0.876926 0.480253 0.034469 -0.480624 0.876249 2898.269775 120.865051 6736.361328"\
   "1.000000 -0.000000 0.000755 -0.000369 0.872781 0.488111 -0.000659 -0.488111 0.872781 2898.104004 122.272682 6776.730957"\
   "0.998678 -0.000000 0.051401 -0.025498 0.868286 0.495408 -0.044631 -0.496063 0.867139 2896.037842 123.571884 6821.002930"\
   "0.994653 -0.000000 0.103268 -0.052066 0.863595 0.501490 -0.089182 -0.504186 0.858978 2891.062500 123.954811 6871.975098"\
   "0.986995 -0.000000 0.160748 -0.082813 0.857087 0.508472 -0.137775 -0.515172 0.845941 2882.644775 123.991310 6928.225586"\
   "0.961176 -0.000000 0.275935 -0.149308 0.840960 0.520089 -0.232051 -0.541097 0.808311 2869.465820 123.993752 6987.689453"\
   "0.914570 -0.000000 0.404428 -0.230782 0.821201 0.521889 -0.332117 -0.570639 0.751046 2848.613037 123.993927 7047.276855"\
   "0.851350 -0.000000 0.524598 -0.314720 0.800055 0.510747 -0.419707 -0.599926 0.681127 2820.254883 123.993965 7103.104492"\
   "0.755665 -0.000000 0.654959 -0.423928 0.762270 0.489111 -0.499256 -0.647259 0.576021 2786.513916 123.994003 7151.681152"\
   "0.622098 -0.000000 0.782939 -0.549684 0.712101 0.436761 -0.557531 -0.702078 0.442997 2748.045166 123.994041 7191.109375"\
   "0.439554 -0.000000 0.898216 -0.676495 0.657844 0.331052 -0.590886 -0.753154 0.289158 2704.898682 123.994080 7221.134277"\
   "0.406538 -0.000000 0.913634 -0.692736 0.651998 0.308245 -0.595688 -0.758220 0.265062 2690.278076 123.994118 7228.964844"\
   "0.406538 -0.000000 0.913634 -0.692736 0.651998 0.308245 -0.595688 -0.758220 0.265062 2689.256104 123.994156 7229.511230"\
   "0.406538 -0.000000 0.913634 -0.692736 0.651998 0.308245 -0.595688 -0.758220 0.265062 2689.196289 123.994179 7229.543457"\
   "0.388982 -0.000000 0.921245 -0.698507 0.651998 0.294934 -0.600650 -0.758220 0.253615 2689.196289 123.994179 7229.543457"\
   "0.363324 -0.000000 0.931663 -0.706406 0.651998 0.275480 -0.607442 -0.758221 0.236887 2689.196289 123.994179 7229.543457"\
   "0.337874 -0.000000 0.941191 -0.713631 0.651998 0.256183 -0.613655 -0.758221 0.220293 2689.196289 123.994179 7229.543457"\
   "0.312684 -0.000000 0.949857 -0.720201 0.651998 0.237083 -0.619305 -0.758221 0.203869 2689.196289 123.994179 7229.543457"\
   "0.302156 -0.000000 0.953259 -0.722780 0.651998 0.229101 -0.621523 -0.758221 0.197005 2689.196289 123.994179 7229.543457"\
   "0.300986 -0.000000 0.953629 -0.723061 0.651998 0.228214 -0.621764 -0.758221 0.196242 2689.196289 123.994179 7229.543457"\
   "0.300986 -0.000000 0.953629 -0.723061 0.651998 0.228214 -0.621764 -0.758221 0.196242 2689.196289 123.994179 7229.543457"\
   "0.300986 -0.000000 0.953629 -0.723061 0.651998 0.228214 -0.621764 -0.758221 0.196242 2689.196289 123.994179 7229.543457"\
   "0.300986 -0.000000 0.953629 -0.723061 0.651998 0.228214 -0.621764 -0.758221 0.196242 2689.196289 123.994179 7229.543457"\
   "0.300986 -0.000000 0.953629 -0.723061 0.651998 0.228214 -0.621764 -0.758221 0.196242 2689.196289 123.994179 7229.543457"\
   "0.300986 -0.000000 0.953629 -0.723061 0.651998 0.228214 -0.621764 -0.758221 0.196242 2689.196289 123.994179 7229.543457"\
   "0.300986 -0.000000 0.953629 -0.723061 0.651998 0.228214 -0.621764 -0.758221 0.196242 2689.196289 123.994179 7229.543457"\
   "0.300986 -0.000000 0.953629 -0.723061 0.651998 0.228214 -0.621764 -0.758221 0.196242 2689.196289 123.994179 7229.543457"\
   "0.300986 -0.000000 0.953629 -0.723061 0.651998 0.228214 -0.621764 -0.758221 0.196242 2689.196289 123.994179 7229.543457"\
   "0.300986 -0.000000 0.953629 -0.723061 0.651998 0.228214 -0.621764 -0.758221 0.196242 2689.196289 123.994179 7229.543457"\
   "0.300986 -0.000000 0.953629 -0.723061 0.651998 0.228214 -0.621764 -0.758221 0.196242 2689.196289 123.994179 7229.543457"\
   "0.300986 -0.000000 0.953629 -0.723061 0.651998 0.228214 -0.621764 -0.758221 0.196242 2689.196289 123.994179 7229.543457"\
   "0.300986 -0.000000 0.953629 -0.723061 0.651998 0.228214 -0.621764 -0.758221 0.196242 2689.196289 123.994179 7229.543457"\
   "0.300986 -0.000000 0.953629 -0.723061 0.651998 0.228214 -0.621764 -0.758221 0.196242 2689.196289 123.994179 7229.543457"\
   "0.300986 -0.000000 0.953629 -0.723061 0.651998 0.228214 -0.621764 -0.758221 0.196242 2689.196289 123.994179 7229.543457"\
   "0.300986 -0.000000 0.953629 -0.723061 0.651998 0.228214 -0.621764 -0.758221 0.196242 2689.196289 123.994179 7229.543457"\
   ""
   m_sCutsceneSound "{955C1174847D78C6}Audio/MegaCutscene.wav"
  }
 }
 m_bAutoPlayerRespawn 0
 m_bAllowFactionChange 0
 m_iFreezeTime 10000
 {
  SCR_FactionManager "5EE8949D46B62B0A" {
   ID "5ED9088735FF2D8B"
   Factions {
    SCR_Faction "{56DEAC40D2DBC8B1}" {
     m_bIsPlayable 1
    }
    SCR_Faction "{56DEAC40D3C2E623}" {
     m_bIsPlayable 1
    }
    SCR_Faction "{56DEAC40D132400B}" {
     m_bIsPlayable 1
    }
   }
  }
 }
}
GenericEntity {
 components {
  MeshObject "{62156C0FC9B7FC0C}" {
   Object "{7FF449DB9ED11DB4}Assets/Vehicles/Helicopters/UH1H/UH1H_base.xob"
  }
 }
 coords 193.453 1.617 131.485
}
GenericEntity : "{1353C6EAD1DCFE43}Prefabs/Weapons/Handguns/M9/Handgun_M9.et" {
 coords 92.972 1 85.996
}
$grp Vehicle : "{16A674FE31B0921C}Prefabs/Vehicles/Wheeled/UAZ469/UAZ469_uncovered.et" {
 UAZ469_uncovered2 {
  coords 181.744 1 204.893
 }
 UAZ469_uncovered1 {
  coords 186.816 1 209.724
 }
}
Vehicle UAZ1 : "{259EE7B78C51B624}Prefabs/Vehicles/Wheeled/UAZ469/UAZ469.et" {
 coords 180.735 1 187.921
}
$grp GenericEntity : "{49FFE8F373F55960}Prefabs/Weapons/Explosives/Mine_M15AT/Mine_M15AT.et" {
 {
  coords 206.853 1 180.77
 }
 {
  coords 206.905 1 181.029
 }
 {
  coords 206.818 1 181.38
 }
 {
  coords 206.778 1 181.542
 }
}
Vehicle M1 : "{5674FAEB9AB7BDD0}Prefabs/Vehicles/Wheeled/M998/M998.et" {
 coords 224.565 1 193.833
}
GenericEntity : "{58B3FB7F102A8B1B}Prefabs/Vehicles/Wheeled/Ural4320/VehParts/Ural4320_cargo.et" {
 coords 190.071 1 164.243
}
GenericEntity : "{5A987A8A13763769}Prefabs/Weapons/Rifles/M16/Rifle_M16A2_M203.et" {
 coords 194.634 1 186.337
}
SCR_ChimeraCharacter : "{5B1996C05B1E51A4}Prefabs/Characters/Factions/BLUFOR/US_Army/Character_US_AR.et" {
 coords 199.154 1 170.333
}
Turret : "{66596659FB0F645B}Prefabs/Vehicles/Wheeled/BTR70/VehParts/Turret/BTR70_Turret.et" {
 coords 210.864 1 183.14
}
GenericEntity : "{780AAF0A51AEE61A}Prefabs/Vehicles/Wheeled/UAZ469/VehParts/Seats/UAZ469_seats_rear.et" {
 coords 193.062 1 185.811
}
$grp GenericEntity : "{7A82FE978603F137}Prefabs/Weapons/Launchers/RPG7/Launcher_RPG7.et" {
 {
  coords 183.691 1 192.911
 }
 {
  coords 207.879 1 179.889
 }
 {
  coords 207.923 1 180.767
 }
 {
  coords 208.252 1 180.868
 }
 {
  coords 208.523 1 180.88
 }
}
GenericEntity : "{94B79579DD7722B6}Prefabs/Vehicles/Wheeled/Ural4320/VehParts/Ural4320_cargo_CIV_Forest.et" {
 coords 185.038 1 172.743
}
Vehicle UAZ469_base1 : "{99F1610551D54D17}Prefabs/Vehicles/Wheeled/UAZ469/UAZ469_base.et" {
 coords 189.9 1 212.037
}
SCR_AIGroup : "{AEA052A8E4D40CFC}Prefabs/Groups/BLUFOR/Group_US_Team_GL_P.et" {
 coords 91.925 1 86.935
 m_aUnitPrefabSlots {
  "{A517C72CEF150898}Prefabs/Characters/Factions/CIV/Businessman/Character_CIV_Businessman_2.et"
 }
}
SCR_ChimeraCharacter : "{B452527EA042DFF0}Prefabs/Characters/Factions/BLUFOR/US_Army/Character_US_Sniper_P.et" {
 coords 183.867 1 189.689
 Flags 2097155
}
GenericEntity : "{B56FF8E1E075048A}Prefabs/Vehicles/Wheeled/M151A2/M151A2_bench_cargo.et" {
 coords 192.074 1 218.486
}
GenericEntity : "{B63D38376558C9DD}PrefabsEditable/Mines/E_Mine_M15AT.et" {
 coords 205.791 1 181.057
}
SCR_AIGroup : "{CB31D258850A3EFC}Prefabs/Groups/BLUFOR/Group_US_LightFireTeam_P.et" {
 coords 184.112 1 191.342
}
GenericEntity : "{D182DCDD72BF7E34}Prefabs/Weapons/MachineGuns/M60/MG_M60.et" {
 coords 201.201 1 182.927
}
Vehicle S105_base1 : "{DA79E34823120087}Prefabs/Vehicles/Wheeled/S105/S105_base.et" {
 coords 95.968 1 85.854
}
$grp Vehicle : "{F649585ABB3706C4}Prefabs/Vehicles/Wheeled/M151A2/M151A2.et" {
 M151A1 {
  coords 194.642 1 217.927
 }
 M151A2 {
  coords 186.341 1 218.513
 }
}