$object "" {
 #version 1.0
 #tag MergeMeshes "1"
 #tag Coords "XZY"
 #tag Scale "1.000000"
 $node "Scene_Root" {
  $frame {
    1 0 0
    0 1 0
    0 0 1
    0 0 0
   
  }
  $node "EntityPosition" {
   $frame {
     0.98932 -0 -0.14579
     -0.14579 -0 -0.98932
     0 1 0
     0.008456 -0 0.0008721
    
   }
  }
  $node "Root" {
   $frame {
     0.98932 -0 -0.14579
     -0.14579 -0 -0.98932
     0 1 0
     0.008456 0 0.0008715
    
   }
   $node "Collision" {
    $frame {
      1 0 0
      0 1 0
      0 0 1
      0 0 0
     
    }
   }
   $node "LeftFoot_IK_Target" {
    $frame {
      0.99018 -0.13953 0.00909
      0.12495 0.85377 -0.50543
      0.06276 0.5016 0.86282
      0.1802878 -0.0770378 0.0999886
     
    }
   }
   $node "LeftHand_IK_Target" {
    $frame {
      0.2176 -0.62061 -0.75332
      0.59313 0.69704 -0.40291
      0.77514 -0.35914 0.51978
      0.4983153 0.0720784 1.0458705
     
    }
   }
   $node "RightFoot_IK_Target" {
    $frame {
      0.99018 0.13953 -0.0091
      0.12495 -0.85378 0.50542
      0.06275 -0.50159 -0.86282
      -0.1802889 -0.0770349 0.099978
     
    }
   }
   $node "RightHand_IK_Target" {
    $frame {
      0.21761 0.62061 0.75332
      0.59313 -0.69704 0.40291
      0.77514 0.35914 -0.51978
      -0.4983155 0.072078 1.0458633
     
    }
   }
   $node "Spine_IK_Target" {
    $frame {
      -1 0 0
      -0.00001 -0.09896 0.99509
      -0 0.99509 0.09896
      -0.0000012 -0.0252832 1.1915535
     
    }
   }
   $node "Hips" {
    $frame {
      -1 0 0
      0 0 1
      0 1 0
      0 -0.0202228 0.9345499
     
    }
    $node "LeftLeg" {
     $frame {
       -0.99565 0.09312 0.00247
       -0.09315 -0.99511 -0.03274
       -0.00059 -0.03282 0.99946
       -0.1025709 -0.0161228 0.0010993
      
     }
     $node "LeftLegTwist" {
      $frame {
        1 0 0
        0 1 0
        0 0 1
        0.000001 0.2113306 -0.0000002
       
      }
      $node "LeftKnee" {
       $frame {
         0.99957 -0.02893 -0.00567
         0.02867 0.99875 -0.04091
         0.00684 0.04073 0.99915
         -0.0000005 0.2048679 -0.0000004
        
       }
       $node "LeftKneeTwist" {
        $frame {
          1 0 0
          0 1 0
          0 0 1
          0.0000003 0.1903766 -0.0000001
         
        }
        $node "LeftFoot" {
         $frame {
           0.98528 0.11124 -0.12978
           0.0689 0.4364 0.89711
           0.15643 -0.89285 0.42231
           -0.0000005 0.2178393 -0.0000001
          
         }
         $node "LeftToe" {
          $frame {
            1 0 0
            0 0.86111 0.50843
            0 -0.50843 0.86111
            -0.0000002 0.1406004 0
           
          }
         }
        }
       }
       $node "LeftKneeVolume" {
        $frame {
          1 0 0
          0 1 0
          0 0 1
          0 0 0
         
        }
       }
      }
     }
     $node "LeftLegVolume" {
      $frame {
        1 0 0
        0 1 0
        0 0 1
        0 0 0
       
      }
     }
    }
    $node "LeftLegClothB" {
     $frame {
       0 1 0
       0.03978 -0 0.99921
       0.99921 -0 -0.03978
       -0.1029999 -0.0178495 -0.093874
      
     }
    }
    $node "LeftLegClothF" {
     $frame {
       0 0 1
       0 1 0
       -1 0 0
       -0.102983 -0.0175559 0.1071642
      
     }
    }
    $node "RightLeg" {
     $frame {
       -0.99518 -0.09805 -0.00302
       -0.0981 0.9945 0.03659
       -0.00058 0.03671 -0.99933
       0.102571 -0.0161227 0.0010994
      
     }
     $node "RightLegTwist" {
      $frame {
        1 0 0
        0 1 0
        0 0 1
        -0.000001 -0.2113346 0.0000011
       
      }
      $node "RightKnee" {
       $frame {
         0.99957 -0.02893 -0.00566
         0.02867 0.99875 -0.04091
         0.00684 0.04073 0.99915
         0.0000005 -0.2048878 0.0000009
        
       }
       $node "RightKneeTwist" {
        $frame {
          1 0 0
          0 1 0
          0 0 1
          0.0000002 -0.1903952 -0.0000005
         
        }
        $node "RightFoot" {
         $frame {
           0.98528 0.11123 -0.12978
           0.06891 0.43637 0.89712
           0.15642 -0.89287 0.42228
           0.0000005 -0.2178601 -0.0000005
          
         }
         $node "RightToe" {
          $frame {
            1 -0.00043 -0.00025
            0.0005 0.86113 0.50839
            -0 -0.50839 0.86113
            0.0000001 -0.1406034 0.0000109
           
          }
         }
        }
       }
       $node "RightKneeVolume" {
        $frame {
          1 0 0
          0 1 0
          0 0 1
          0 0 0
         
        }
       }
      }
     }
     $node "RightLegVolume" {
      $frame {
        1 0 0
        0 1 0
        0 0 1
        0 0 0
       
      }
     }
    }
    $node "RightLegClothB" {
     $frame {
       0 1 0
       0 0 1
       1 0 0
       0.103 -0.0122936 -0.0938737
      
     }
    }
    $node "RightLegClothF" {
     $frame {
       0 0 1
       0 1 0
       -1 0 0
       0.1029999 -0.0178524 0.1073258
      
     }
    }
    $node "Spine1" {
     $frame {
       1 0 0
       0 0.99713 0.07574
       -0 -0.07574 0.99713
       0 0.0493677 0.0047664
      
     }
     $node "Stomach1" {
      $frame {
        -1 0 0
        0 0.07574 0.99713
        -0 0.99713 -0.07574
        0 0.02727 0.11018
       
      }
     }
     $node "Spine2" {
      $frame {
        1 0 0
        0.00001 0.99392 -0.11014
        0 0.11014 0.99392
        -0 0.0536372 -0.0000001
       
      }
      $node "Spine3" {
       $frame {
         0.98903 -0.0051 0.14765
         0.01416 0.99808 -0.06036
         -0.14706 0.06179 0.9872
         -0 0.0458293 0
        
       }
       $node "Stomach2" {
        $frame {
          -1 0 0
          -0.00001 -0.09586 0.99539
          -0 0.99539 0.09586
          -0.0000008 -0.0095368 0.1141751
         
        }
       }
       $node "Spine4" {
        $frame {
          1 0 0
          0 0.97973 -0.20034
          0 0.20034 0.97973
          0 0.0556613 -0.0000004
         
        }
        $node "Stomach3" {
         $frame {
           -1 0 0
           -0.00001 -0.29334 0.95601
           -0 0.95601 0.29334
           -0.0000009 -0.0118888 0.1142584
          
         }
        }
        $node "Spine5" {
         $frame {
           1 0 0
           -0 0.98035 0.19729
           0 -0.19729 0.98035
           -0.0000001 0.0526616 0.0088676
          
         }
         $node "LeftShoulder" {
          $frame {
            0.0579 0.08426 -0.99476
            -0.99811 -0.01547 -0.0594
            -0.02039 0.99632 0.08321
            -0.0625002 0.2354588 -0.024326
           
          }
          $node "LeftArm" {
           $frame {
             0.99831 0.03094 0.04914
             0.0146 0.68521 -0.7282
             -0.0562 0.72769 0.6836
             0.0011089 0.1093659 0.0026178
            
           }
           $node "LeftArmTwist" {
            $frame {
              1 0 0
              0 1 0
              0 0 1
              -0.0000006 0.1415195 -0.0000014
             
            }
            $node "LeftForeArm" {
             $frame {
               -0.02424 0.02511 0.99939
               -0.64238 0.76559 -0.03482
               -0.766 -0.64284 -0.00243
               0.0000007 0.1442246 0.0000031
              
             }
             $node "LeftForeArmTwist" {
              $frame {
                1 0 0
                0 1 0
                0 0 1
                -0.0000002 0.1356334 -0.0000036
               
              }
              $node "LeftHand" {
               $frame {
                 -0.33994 0.19351 -0.92032
                 0.20794 0.96985 0.12712
                 0.91717 -0.14816 -0.36993
                 -0.0000094 0.1343703 -0.0000024
                
               }
               $node "LeftHandInbetween" {
                $frame {
                  0.99006 0.13981 -0.01535
                  -0.14063 0.9857 -0.0928
                  0.00215 0.09404 0.99557
                  -0.0415692 0.0642527 -0.0247456
                 
                }
               }
               $node "LeftHandIndex1" {
                $frame {
                  0.96548 0.1475 0.21467
                  -0.14729 0.98895 -0.01709
                  -0.21482 -0.01512 0.97654
                  -0.0266602 0.0269262 -0.0003048
                 
                }
                $node "LeftHandIndex2" {
                 $frame {
                   0.9609 0.27688 0
                   -0.27513 0.95482 0.11236
                   0.03111 -0.10797 0.99367
                   0.0000006 0.0717274 -0.0000052
                  
                 }
                 $node "LeftHandIndex3" {
                  $frame {
                    1 0 0
                    -0 0.70373 -0.71046
                    0 0.71046 0.70373
                    0.0000001 0.0380921 0.0000011
                   
                  }
                  $node "LeftHandIndex4" {
                   $frame {
                     1 0 0
                     0 0.86052 -0.50942
                     -0 0.50942 0.86052
                     -0.0000016 0.0254171 0.0000043
                    
                   }
                   $node "LeftHandIndex5" {
                    $frame {
                      1 0 0
                      0 1 0
                      0 0 1
                      0.0000013 0.0259708 -0.0000004
                     
                    }
                   }
                  }
                 }
                }
               }
               $node "LeftHandMiddle1" {
                $frame {
                  0.99795 0.05258 -0.03635
                  -0.05336 0.99836 -0.0207
                  0.0352 0.0226 0.99912
                  -0.0112448 0.0271376 0.0031499
                 
                }
                $node "LeftHandMiddle2" {
                 $frame {
                   0.99829 0.05638 0.01528
                   -0.05525 0.99626 -0.06645
                   -0.01897 0.06549 0.99767
                   0.0000028 0.079141 -0.0000014
                  
                 }
                 $node "LeftHandMiddle3" {
                  $frame {
                    0.99945 -0.03094 0.01162
                    0.02795 0.60367 -0.79674
                    0.01764 0.79663 0.60421
                    -0.0000006 0.0399422 -0.0000013
                   
                  }
                  $node "LeftHandMiddle4" {
                   $frame {
                     0.99064 0.12864 -0.04564
                     -0.1361 0.90526 -0.40247
                     -0.01045 0.40492 0.91429
                     -0.0000026 0.0297474 0.0000005
                    
                   }
                   $node "LeftHandMiddle5" {
                    $frame {
                      1 0 0
                      -0 0.99993 -0.01154
                      0 0.01154 0.99993
                      0 0.0231955 0.0000005
                     
                    }
                   }
                  }
                 }
                }
               }
               $node "LeftHandPinky1" {
                $frame {
                  0.99822 -0.05947 0.00475
                  0.05966 0.99498 -0.08039
                  0.00005 0.08053 0.99675
                  0.0255402 0.0277049 -0.0012669
                 
                }
                $node "LeftHandPinky2" {
                 $frame {
                   0.95068 -0.16263 -0.26413
                   0.15396 0.98664 -0.05334
                   0.26928 0.01004 0.96301
                   0.0000005 0.0714945 -0.0000021
                  
                 }
                 $node "LeftHandPinky3" {
                  $frame {
                    0.99993 0 0.01162
                    0.00953 0.57219 -0.82007
                    -0.00665 0.82012 0.57215
                    -0 0.0272487 0.0000065
                   
                  }
                  $node "LeftHandPinky4" {
                   $frame {
                     0.99558 0.09395 -0
                     -0.07878 0.83477 -0.54493
                     -0.0512 0.54252 0.83848
                     -0.0000003 0.0225987 -0.000003
                    
                   }
                   $node "LeftHandPinky5" {
                    $frame {
                      1 0 0
                      0 1 0
                      0 0 1
                      0 0.0225094 0.0000005
                     
                    }
                   }
                  }
                 }
                }
               }
               $node "LeftHandProp" {
                $frame {
                  -0.62061 0.69704 -0.35914
                  -0.75334 -0.40296 0.51971
                  0.21754 0.59309 0.77519
                  -0.1601771 -0.0126059 0.4776767
                 
                }
               }
               $node "LeftHandRing1" {
                $frame {
                  0.99233 -0.00632 -0.12346
                  0.0041 0.99982 -0.01826
                  0.12356 0.01761 0.99218
                  0.0038712 0.0276407 0.0019827
                 
                }
                $node "LeftHandRing2" {
                 $frame {
                   1 0 0
                   0 0.98368 -0.17991
                   0 0.17991 0.98368
                   -0.0000002 0.0786278 0.0000025
                  
                 }
                 $node "LeftHandRing3" {
                  $frame {
                    1 0 0
                    -0 0.47814 -0.87828
                    -0 0.87828 0.47814
                    0.0000006 0.0334232 -0.000001
                   
                  }
                  $node "LeftHandRing4" {
                   $frame {
                     1 0 0
                     -0 0.92802 -0.37254
                     0 0.37254 0.92802
                     0.0000002 0.0314674 0.0000003
                    
                   }
                   $node "LeftHandRing5" {
                    $frame {
                      1 0 0
                      0 1 0
                      0 0 1
                      -0.0000005 0.0250339 -0.0000002
                     
                    }
                   }
                  }
                 }
                }
               }
               $node "LeftHandThumb1" {
                $frame {
                  0.07687 0.41564 0.90627
                  -0.30438 0.87535 -0.37564
                  -0.94944 -0.24698 0.1938
                  -0.0107148 -0.0063783 -0.0053729
                 
                }
                $node "LeftHandThumb2" {
                 $frame {
                   1 0 0
                   -0 0.87844 0.47785
                   -0 -0.47785 0.87844
                   -0.0000007 0.0316084 0.0000012
                  
                 }
                 $node "LeftHandThumb3" {
                  $frame {
                    1 0 0
                    -0 0.87571 -0.48284
                    0 0.48284 0.87571
                    -0.0000026 0.0461262 0.0000047
                   
                  }
                  $node "LeftHandThumb4" {
                   $frame {
                     1 0 0
                     -0 0.99804 -0.06261
                     0 0.06261 0.99804
                     0.0000005 0.0318685 -0.0000017
                    
                   }
                   $node "LeftHandThumb5" {
                    $frame {
                      1 0 0
                      0 1 0
                      0 0 1
                      -0.0000007 0.0334479 -0.0000061
                     
                    }
                   }
                  }
                 }
                }
               }
              }
              $node "LeftHandLowerVolume" {
               $frame {
                 -0.33994 0.19351 -0.92032
                 0.20794 0.96985 0.12712
                 0.91717 -0.14816 -0.36993
                 -0.0000097 0.1343703 -0.0000029
                
               }
              }
              $node "LeftHandUpperVolume" {
               $frame {
                 -0.33994 0.19351 -0.92032
                 0.20794 0.96985 0.12712
                 0.91717 -0.14816 -0.36993
                 0.0000003 0.1343658 -0.0000002
                
               }
              }
             }
             $node "LeftForeArmVolume" {
              $frame {
                0.69848 -0.45984 -0.54833
                0.25309 0.87544 -0.41177
                0.66938 0.14884 0.72786
                0 0 0
               
              }
             }
            }
           }
           $node "LeftArmVolume" {
            $frame {
              0.99957 0.00739 -0.02825
              0.00445 0.91756 0.39756
              0.02886 -0.39752 0.91714
              0 0 0
             
            }
           }
          }
         }
         $node "LeftPectoral" {
          $frame {
            0.11142 -0.98907 -0.0966
            -0.00632 -0.09791 0.99518
            -0.99375 -0.11027 -0.01716
            -0.0891124 0.1712522 0.1053702
           
          }
         }
         $node "RightPectoral" {
          $frame {
            -0.0063 0.09791 -0.99518
            -0.11141 -0.98907 -0.0966
            -0.99375 0.11026 0.01714
            0.0891106 0.1712506 0.1053713
           
          }
         }
         $node "LeftShoulderBlade" {
          $frame {
            0.00894 0.09768 -0.99518
            -0.15684 0.98304 0.09508
            0.98758 0.15524 0.02411
            -0.1084673 0.2319709 -0.1238649
           
          }
         }
         $node "RightShoulderBlade" {
          $frame {
            -0.00892 0.09768 -0.99518
            0.15684 0.98304 0.09508
            0.98758 -0.15524 -0.02409
            0.1084688 0.2319678 -0.1238631
           
          }
         }
         $node "RightShoulder" {
          $frame {
            0.05809 -0.08427 0.99475
            -0.9981 0.01544 0.05959
            -0.02038 -0.99632 -0.08321
            0.0624973 0.2354598 -0.0243258
           
          }
          $node "RightArm" {
           $frame {
             0.99831 0.03116 0.04907
             0.01439 0.68535 -0.72807
             -0.05631 0.72755 0.68374
             -0.0010879 -0.1093656 -0.0026128
            
           }
           $node "RightArmTwist" {
            $frame {
              1 0 0
              0 1 0
              0 0 1
              0.0000006 -0.1415198 0.0000039
             
            }
            $node "RightForeArm" {
             $frame {
               -0.02424 0.02511 0.99939
               -0.64238 0.7656 -0.03482
               -0.766 -0.64283 -0.00243
               -0.0000008 -0.1442243 -0.0000038
              
             }
             $node "RightForeArmTwist" {
              $frame {
                1 0 0
                0 1 0
                0 0 1
                0.0000021 -0.1356328 0.0000035
               
              }
              $node "RightHand" {
               $frame {
                 -0.33994 0.19352 -0.92032
                 0.20794 0.96985 0.12712
                 0.91717 -0.14816 -0.36993
                 0.0000091 -0.1343699 0.0000024
                
               }
               $node "RightHandInbetween" {
                $frame {
                  0.99006 0.13981 -0.01535
                  -0.14064 0.9857 -0.0928
                  0.00215 0.09404 0.99557
                  0.0419748 -0.0639502 0.0249356
                 
                }
               }
               $node "RightHandIndex1" {
                $frame {
                  0.96548 0.1475 0.21467
                  -0.14729 0.98895 -0.01709
                  -0.21482 -0.01512 0.97654
                  0.0266599 -0.0269262 0.0003027
                 
                }
                $node "RightHandIndex2" {
                 $frame {
                   0.9609 0.27688 -0
                   -0.27513 0.95482 0.11236
                   0.03111 -0.10797 0.99367
                   0 -0.0717292 -0.0000001
                  
                 }
                 $node "RightHandIndex3" {
                  $frame {
                    1 0 0
                    0 0.70373 -0.71046
                    -0 0.71046 0.70373
                    -0.0000002 -0.0380916 0.0000001
                   
                  }
                  $node "RightHandIndex4" {
                   $frame {
                     1 0 0
                     0 0.86052 -0.50942
                     0 0.50942 0.86052
                     0.0000014 -0.0254173 -0.0000005
                    
                   }
                   $node "RightHandIndex5" {
                    $frame {
                      1 0 0
                      0 1 0
                      0 0 1
                      -0.0000003 -0.025971 0.0000004
                     
                    }
                   }
                  }
                 }
                }
               }
               $node "RightHandMiddle1" {
                $frame {
                  0.99795 0.05258 -0.03635
                  -0.05336 0.99836 -0.0207
                  0.0352 0.0226 0.99912
                  0.0112445 -0.0271381 -0.0031546
                 
                }
                $node "RightHandMiddle2" {
                 $frame {
                   0.99829 0.05638 0.01528
                   -0.05525 0.99626 -0.06645
                   -0.01897 0.06549 0.99767
                   -0.0000028 -0.0791413 0.0000012
                  
                 }
                 $node "RightHandMiddle3" {
                  $frame {
                    0.99945 -0.03094 0.01162
                    0.02795 0.60367 -0.79674
                    0.01764 0.79663 0.60421
                    0.0000006 -0.0399418 -0.0000004
                   
                  }
                  $node "RightHandMiddle4" {
                   $frame {
                     0.99064 0.12864 -0.04564
                     -0.1361 0.90526 -0.40247
                     -0.01045 0.40492 0.91429
                     0.0000029 -0.0297477 0.0000008
                    
                   }
                   $node "RightHandMiddle5" {
                    $frame {
                      1 0 0
                      0 0.99993 0.01154
                      -0 -0.01154 0.99993
                      0.0000002 -0.0231948 0
                     
                    }
                   }
                  }
                 }
                }
               }
               $node "RightHandPinky1" {
                $frame {
                  0.99822 -0.05947 0.00475
                  0.05966 0.99498 -0.08038
                  0.00006 0.08053 0.99675
                  -0.025541 -0.0277061 0.0012636
                 
                }
                $node "RightHandPinky2" {
                 $frame {
                   0.95068 -0.16263 -0.26413
                   0.15396 0.98664 -0.05334
                   0.26928 0.01004 0.96301
                   -0.0000003 -0.0714944 -0
                  
                 }
                 $node "RightHandPinky3" {
                  $frame {
                    0.99993 -0 0.01162
                    0.00953 0.57219 -0.82007
                    -0.00665 0.82012 0.57215
                    -0.0000005 -0.0272489 0
                   
                  }
                  $node "RightHandPinky4" {
                   $frame {
                     0.99558 0.09395 -0
                     -0.07878 0.83477 -0.54493
                     -0.0512 0.54252 0.83848
                     0.0000003 -0.0225981 0
                    
                   }
                   $node "RightHandPinky5" {
                    $frame {
                      1 0 0
                      0 1 0
                      0 0 1
                      -0.0000002 -0.0225095 -0.0000001
                     
                    }
                   }
                  }
                 }
                }
               }
               $node "RightHandProp" {
                $frame {
                  -0.62061 0.69704 -0.35914
                  0.75333 0.40293 -0.51976
                  -0.21759 -0.59312 -0.77516
                  0.1475805 -0.0064494 -0.5095047
                 
                }
               }
               $node "RightHandRing1" {
                $frame {
                  0.99233 -0.00632 -0.12346
                  0.0041 0.99982 -0.01826
                  0.12356 0.01761 0.99218
                  -0.0038714 -0.0276417 -0.0019881
                 
                }
                $node "RightHandRing2" {
                 $frame {
                   1 0 0
                   0 0.98368 -0.17991
                   -0 0.17991 0.98368
                   -0.0000002 -0.0786279 -0
                  
                 }
                 $node "RightHandRing3" {
                  $frame {
                    1 0 0
                    -0 0.47815 -0.87828
                    -0 0.87828 0.47815
                    -0.0000007 -0.0334233 -0.0000008
                   
                  }
                  $node "RightHandRing4" {
                   $frame {
                     1 0 0
                     -0 0.92801 -0.37254
                     0 0.37254 0.92801
                     0.0000004 -0.0314668 0.0000011
                    
                   }
                   $node "RightHandRing5" {
                    $frame {
                      1 0 0
                      0 1 0
                      0 0 1
                      -0.0000001 -0.0250341 -0.0000003
                     
                    }
                   }
                  }
                 }
                }
               }
               $node "RightHandThumb1" {
                $frame {
                  0.07687 0.41564 0.90627
                  -0.30438 0.87535 -0.37565
                  -0.94944 -0.24698 0.1938
                  0.0107149 0.0063777 0.0053706
                 
                }
                $node "RightHandThumb2" {
                 $frame {
                   1 0 0
                   -0 0.87844 0.47785
                   0 -0.47785 0.87844
                   -0.0000007 -0.0316077 -0.0000015
                  
                 }
                 $node "RightHandThumb3" {
                  $frame {
                    1 0 0
                    0 0.87571 -0.48284
                    0 0.48284 0.87571
                    -0.0000011 -0.0461262 -0.0000046
                   
                  }
                  $node "RightHandThumb4" {
                   $frame {
                     1 0 0
                     0 0.99804 -0.06261
                     0 0.06261 0.99804
                     -0.0000002 -0.0318684 0.000001
                    
                   }
                   $node "RightHandThumb5" {
                    $frame {
                      1 0 0
                      0 1 0
                      0 0 1
                      -0.0000011 -0.0334458 -0.0000003
                     
                    }
                   }
                  }
                 }
                }
               }
              }
              $node "RightHandLowerVolume" {
               $frame {
                 -0.33994 0.19351 -0.92032
                 0.20794 0.96985 0.12712
                 0.91717 -0.14816 -0.36993
                 0.0000059 -0.1343693 0.0000023
                
               }
              }
              $node "RightHandUpperVolume" {
               $frame {
                 -0.33994 0.19352 -0.92032
                 0.20794 0.96985 0.12712
                 0.91717 -0.14816 -0.36993
                 -0.0000013 -0.1343659 0.0000005
                
               }
              }
             }
             $node "RightForeArmVolume" {
              $frame {
                0.69848 -0.45984 -0.54833
                0.25309 0.87544 -0.41176
                0.66938 0.14883 0.72786
                0 0 0
               
              }
             }
            }
           }
           $node "RightArmVolume" {
            $frame {
              1 0 0
              0 1 0
              0 0 1
              0 0 0
             
            }
           }
          }
         }
         $node "Neck1" {
          $frame {
            -1 0 0
            -0 0.94466 0.32805
            0.00001 0.32805 -0.94466
            0 0.2903171 -0.0000002
           
          }
          $node "Neck2" {
           $frame {
             1 0 0
             0 0.99845 0.0557
             -0 -0.0557 0.99845
             0 0.0499387 0.0000004
            
           }
           $node "Neck3" {
            $frame {
              1 0 0
              0 0.99619 0.08716
              -0 -0.08716 0.99619
              0 0.0479009 -0
             
            }
            $node "Head" {
             $frame {
               1 0 0
               -0 0.99576 0.09199
               -0 -0.09199 0.99576
               -0 0.0422724 0.0020537
              
             }
             $node "Camera" {
              $frame {
                1 0 0
                0 1 0
                0 0 1
                0 0 0
               
              }
             }
             $node "EyeLeft" {
              $frame {
                1 0 0
                0 0 -1
                0 1 0
                0.0318346 0.0731662 -0.0792204
               
              }
              $node "EyeLeftPupil" {
               $frame {
                 1 0 0
                 0 1 0
                 0 0 1
                 -0 0.0103604 0.0000013
                
               }
              }
             }
             $node "EyeRight" {
              $frame {
                1 0 0
                0 0 -1
                0 1 0
                -0.0316092 0.0727798 -0.0788646
               
              }
              $node "EyeRightPupil" {
               $frame {
                 1 0 0
                 0 1 0
                 0 0 1
                 0.0000002 0.010363 0.0000005
                
               }
              }
             }
             $node "FacialJaw" {
              $frame {
                -0.00001 -0.43849 -0.89874
                1 0 0
                -0 -0.89874 0.43849
                0.0000038 0.0050634 -0.0257213
               
              }
              $node "FacialChinMiddle" {
               $frame {
                 1 0 0
                 0 1 0
                 0 0 1
                 0.0959993 -0 0.0000004
                
               }
              }
              $node "FacialTongueBase" {
               $frame {
                 0.81915 -0 -0.57357
                 0 1 0
                 0.57357 -0 0.81915
                 0.0272026 -0 -0.0000006
                
               }
               $node "FacialTongueMiddle" {
                $frame {
                  1 0 0
                  0 1 0
                  0 0 1
                  0.0218029 0 0.0000001
                 
                }
                $node "FacialTongueTip" {
                 $frame {
                   1 0 0
                   0 1 0
                   0 0 1
                   0.021803 0 0.0000008
                  
                 }
                }
               }
              }
             }
             $node "FacialLipLowerMiddle" {
              $frame {
                1 0 0
                0 1 0
                0 0 1
                0.0001901 -0.0063144 -0.1152791
               
              }
             }
             $node "FacialLipUpperMiddle" {
              $frame {
                1 0 0
                0 1 0
                0 0 1
                0.0001943 0.0092914 -0.1168643
               
              }
             }
             $node "LeftFacialCheekLower" {
              $frame {
                -1 0 0
                0 0 1
                0 1 0
                0.0433714 -0.0035534 -0.0920406
               
              }
             }
             $node "LeftFacialCheekMiddle" {
              $frame {
                -1 0 0
                0 0 1
                0 1 0
                0.0437669 0.0175721 -0.0943795
               
              }
             }
             $node "LeftFacialCheekUpper" {
              $frame {
                -1 0 0
                0 0 1
                0 1 0
                0.0527376 0.0492025 -0.088487
               
              }
             }
             $node "LeftFacialChin" {
              $frame {
                -1 0 0
                0 0 1
                0 1 0
                0.0239199 -0.0193953 -0.1062375
               
              }
             }
             $node "LeftFacialEyebrowInner" {
              $frame {
                -1 0 0
                0 0 1
                0 1 0
                0.0139697 0.095561 -0.10894
               
              }
             }
             $node "LeftFacialEyebrowOuter" {
              $frame {
                -1 0 0
                0 0 1
                0 1 0
                0.0479293 0.0958092 -0.0905453
               
              }
             }
             $node "LeftFacialEyelidLowerInner" {
              $frame {
                -1 0 0
                0 0 1
                0 1 0
                0.0224618 0.0667222 -0.0915099
               
              }
             }
             $node "LeftFacialEyelidLowerMiddle" {
              $frame {
                -1 0 0
                0 0 1
                0 1 0
                0.0335557 0.0649865 -0.0922932
               
              }
             }
             $node "LeftFacialEyelidLowerOuter" {
              $frame {
                -1 0 0
                0 0 1
                0 1 0
                0.0430918 0.066351 -0.0873416
               
              }
             }
             $node "LeftFacialEyelidUpperInner" {
              $frame {
                -1 0 0
                0 0 1
                0 1 0
                0.0229146 0.0764208 -0.091374
               
              }
             }
             $node "LeftFacialEyelidUpperMiddle" {
              $frame {
                -1 0 0
                0 0 1
                0 1 0
                0.0332486 0.0797403 -0.0921429
               
              }
             }
             $node "LeftFacialEyelidUpperOuter" {
              $frame {
                -1 0 0
                0 0 1
                0 1 0
                0.0422169 0.077794 -0.0878036
               
              }
             }
             $node "LeftFacialLipCorner" {
              $frame {
                -1 0 0
                0 0 1
                0 1 0
                0.0278492 0.0032417 -0.103559
               
              }
             }
             $node "LeftFacialLipLower" {
              $frame {
                -1 0 0
                0 0 1
                0 1 0
                0.0147768 -0.0049184 -0.113178
               
              }
             }
             $node "LeftFacialLipUpper" {
              $frame {
                -1 0 0
                0 0 1
                0 1 0
                0.0171827 0.0077864 -0.1117125
               
              }
             }
             $node "LeftFacialNoseCorner" {
              $frame {
                -1 0 0
                0 0 1
                0 1 0
                0.0184775 0.0320682 -0.1038484
               
              }
             }
             $node "RightFacialCheekLower" {
              $frame {
                -0.99931 -0 -0.03725
                0.03725 -0 -0.99931
                0 -1 0
                -0.0433726 -0.0035527 -0.083737
               
              }
             }
             $node "RightFacialCheekMiddle" {
              $frame {
                -0.99931 -0 -0.03725
                0.03725 -0 -0.99931
                0 -1 0
                -0.0437676 0.0175678 -0.0902208
               
              }
             }
             $node "RightFacialCheekUpper" {
              $frame {
                -0.99931 -0 -0.03725
                0.03725 -0 -0.99931
                0 -1 0
                -0.0527379 0.0491981 -0.0835037
               
              }
             }
             $node "RightFacialChin" {
              $frame {
                -0.99992 -0 -0.01231
                0.01231 -0 -0.99992
                0 -1 0
                -0.0239212 -0.0193928 -0.0992915
               
              }
             }
             $node "RightFacialEyebrowInner" {
              $frame {
                -0.9993 -0 -0.03737
                0.03737 -0 -0.9993
                0 -1 0
                -0.0139695 0.0955581 -0.1089399
               
              }
             }
             $node "RightFacialEyebrowOuter" {
              $frame {
                -0.99931 -0 -0.03725
                0.03725 -0 -0.99931
                0 -1 0
                -0.0479289 0.0958081 -0.089168
               
              }
             }
             $node "RightFacialEyelidLowerInner" {
              $frame {
                -0.99992 -0 -0.01231
                0.01231 -0 -0.99992
                0 -1 0
                -0.0224619 0.0667177 -0.090818
               
              }
             }
             $node "RightFacialEyelidLowerMiddle" {
              $frame {
                -0.99992 -0 -0.01231
                0.01231 -0 -0.99992
                0 -1 0
                -0.0335558 0.0649874 -0.0915918
               
              }
             }
             $node "RightFacialEyelidLowerOuter" {
              $frame {
                -0.99992 -0 -0.01235
                0.01235 -0 -0.99992
                0 -1 0
                -0.0430919 0.0663478 -0.0856121
               
              }
             }
             $node "RightFacialEyelidUpperInner" {
              $frame {
                -0.99992 -0 -0.01231
                0.01231 -0 -0.99992
                0 -1 0
                -0.0229145 0.0764177 -0.0911894
               
              }
             }
             $node "RightFacialEyelidUpperMiddle" {
              $frame {
                -0.99992 -0 -0.01231
                0.01231 -0 -0.99992
                0 -1 0
                -0.0332485 0.0789381 -0.0921426
               
              }
             }
             $node "RightFacialEyelidUpperOuter" {
              $frame {
                -0.99992 -0 -0.01235
                0.01235 -0 -0.99992
                0 -1 0
                -0.0422167 0.0777975 -0.0870754
               
              }
             }
             $node "RightFacialLipCorner" {
              $frame {
                -0.9993 -0 -0.03737
                0.03737 -0 -0.9993
                0 -1 0
                -0.0268849 0.0020285 -0.1000472
               
              }
             }
             $node "RightFacialLipLower" {
              $frame {
                -0.9993 -0 -0.03737
                0.03737 -0 -0.9993
                0 -1 0
                -0.0157031 -0.0061667 -0.110568
               
              }
             }
             $node "RightFacialLipUpper" {
              $frame {
                -0.9993 -0 -0.03737
                0.03737 -0 -0.9993
                0 -1 0
                -0.0171838 0.0077878 -0.1090781
               
              }
             }
             $node "RightFacialNoseCorner" {
              $frame {
                -0.9993 -0 -0.03737
                0.03737 -0 -0.9993
                0 -1 0
                -0.0185976 0.032068 -0.102672
               
              }
             }
            }
           }
          }
         }
        }
       }
      }
     }
    }
   }
  }
 }
 $materials {
  $material "DefaultGeneratedMaterial" {
   #UVset 0
  }
 }
 $colliders {
  $convex "UCX_Dummy" {
   $frame {
     1 0 0
     0 1 0
     0 -0 1
     0 1.1525311 0.0000002
    
   }
   #weight 0
   #material "Manganese_steel_1_A40222E16991AB27"
   #layers "Interaction"
   $faces {
     0 4 2 3 1 0
     0 4 6 7 3 2
     0 4 4 5 7 6
     0 4 0 1 5 4
